interval,hour_utc,load_kW,PV_kW,ambient_C,ripple,ripple_estimate,Tj_start_C,Tj_estimate_C,Ts_start_C,Ts_estimate_C,Tj_peak_C,action_kW,executed_mean_kW,energy_kWh,operating_cost_USD,DR_shortfall_kWh,grid_energy_kWh,loss_energy_kWh,trip,thermal_exceedance_seconds,solver_status,solver_seconds,rainflow_gap_USD,iterations
0,0.0,60.58463510020112,0.0,21.348786143208557,0.48624531308590263,0.4,26.548786143208556,26.405413437232532,25.348786143208557,25.36667018808369,26.548786143208556,0.0,0.0,100.0,1.8235390530060336,0.0,15.196158775050284,0.05,0,0,optimal,0.012745200016070157,0.0,1
1,0.25,60.58463510020112,0.0,21.169854038038835,0.5440236457899266,0.4,26.548786143208556,27.103957677734776,25.348786143208557,25.406935560131725,26.548786143208556,0.0,0.0,100.0,1.8235390530060336,0.0,15.196158775050284,0.05,0,0,optimal,0.011646300001302734,0.0,1
2,0.5,60.58463510020112,0.0,21.003799906789805,0.5970981311003349,0.4,26.454818197962197,26.873073592601248,25.254691386726254,25.136997119250978,26.454818197962197,0.0,0.0,100.0,1.8235390530060336,0.0,15.196158775050284,0.05,0,0,optimal,0.011437199980719015,0.0,1
3,0.75,60.58463510020112,0.0,20.851334818744565,0.6418518305529575,0.4,26.322933571976755,27.034141170545443,25.122755761858482,25.05679668402449,26.322933571976755,0.0,0.0,100.0,1.8235390530060336,0.0,15.196158775050284,0.05,0,0,optimal,0.011593699979130179,0.0,1
4,1.0,35.263704456572206,0.0,20.71311165281699,0.6752348534890832,0.4,26.180216819371694,25.463650257556523,24.980024459607233,25.045878990909536,26.180216819371694,0.0,0.0,100.0,1.0639111336971663,0.0,8.865926114143052,0.05,0,0,optimal,0.011297999997623265,0.0,1
5,1.25,35.263704456572206,0.0,20.58972230182399,0.6949722020636689,0.4,26.039853043430007,25.59490429484138,24.839663878582105,24.62914209024191,26.039853043430007,0.0,0.0,100.0,1.0639111336971663,0.0,8.865926114143052,0.05,0,0,optimal,0.01118750000023283,0.0,1
6,1.5,35.263704456572206,0.0,20.481695137909597,0.6997188085888675,0.4,25.908405062300726,25.412765923183645,24.708227925169552,24.86595621319548,25.908405062300726,0.0,0.0,100.0,1.0639111336971663,0.0,8.865926114143052,0.05,0,0,optimal,0.011488699994515628,0.0,1
7,1.75,35.263704456572206,0.0,20.389492749974323,0.6891511996741245,0.4,25.789262435208762,26.196780665221073,24.589101888197764,24.463116008260002,25.789262435208762,0.0,0.0,100.0,1.0639111336971663,0.0,8.865926114143052,0.05,0,0,optimal,0.01140389998909086,0.0,1
8,2.0,54.0886895424115,0.0,20.31350996279847,0.6639895404031806,0.4,25.684275576630373,25.90600099934477,24.484134110776942,24.382290644138983,25.684275576630373,0.0,0.0,100.0,1.628660686272345,0.0,13.57217238560287,0.05,0,0,optimal,0.011610699992161244,0.0,1
9,2.25,54.0886895424115,0.0,20.254072146341823,0.6259485562737424,0.4,25.594529505207934,25.074675148822095,24.394408581417036,24.27360110473518,25.594529505207934,0.0,0.0,100.0,1.628660686272345,0.0,13.57217238560287,0.05,0,0,optimal,0.02003850002074614,0.0,2
10,2.5,54.0886895424115,0.0,20.211433822459504,0.5776206774885325,0.4,25.520709815936577,26.21085207953751,24.32061035746786,24.503477888718535,25.520709815936577,0.0,0.0,100.0,1.628660686272345,0.0,13.57217238560287,0.05,0,0,optimal,0.02007570001296699,1.1102230246251565e-16,2
11,2.75,54.0886895424115,0.0,20.18577757500033,0.5222993691211671,0.4,25.463275467511835,25.662703396098145,24.26319809249761,24.270151019928512,31.493618872225415,-24.999999999999996,-24.999999999999996,106.125,2.3897063749019174,0.0,19.914219790849312,0.14204740524643533,0,0,optimal,0.019903500011423603,4.440892098500626e-16,2
12,3.0,33.09838927064233,0.0,20.177213267954745,0.46375468691409744,0.5487402789173073,31.493618872225415,32.32497867326335,28.089652882251425,27.717793307925454,33.20420348377486,-24.999999999999996,-24.999999999999996,112.25,1.759802534001787,0.0,14.665021116681565,0.14042379902097846,0,0,optimal,0.019824599992716685,2.220446049250313e-16,2
13,3.25,33.09838927064233,0.0,20.18577757500033,0.4059763542100735,0.4440745173930145,33.20420348377486,32.87037989646165,29.836386147800177,29.908833448173354,33.944817429852904,-24.999999999999993,-24.999999999999996,118.375,1.7596329348198694,0.0,14.663607790165571,0.13901047250499787,0,0,optimal,0.02021180000156164,6.661338147750939e-16,2
14,3.5,33.09838927064233,0.0,20.211433822459504,0.3529018688996651,0.38685746650570374,33.944817429852904,34.14568403807251,30.609607946590554,30.646759247512023,34.250656248747646,-25.000000000000004,-25.000000000000004,124.5,1.7594969997048902,0.0,14.662474997540757,0.13787767988017463,0,0,optimal,0.020157499995548278,2.220446049250313e-16,2
15,3.75,33.09838927064233,0.0,20.254072146341823,0.30814816944704265,0.37367971484416157,34.250656248747646,33.753392168122666,30.94203977348893,30.823721532670678,34.375957769509526,-24.999999999999996,-24.999999999999996,130.625,1.7593971522376464,0.0,14.661642935313717,0.13704561765313142,0,0,optimal,0.020442000008188188,4.440892098500626e-16,2
16,4.0,54.39802028325863,0.0,20.31350996279847,0.2747651465109169,0.2837945205804012,34.375957769509526,33.69576223847522,31.08705825574425,31.210207858078565,34.43988863294936,-24.999999999999996,-24.999999999999996,136.75,2.3983204071121227,0.0,19.98600339260102,0.1364983217863578,0,0,optimal,0.02003109999350272,0.0,2
17,4.25,54.39802028325863,0.0,20.389492749974323,0.25502779793633107,0.2685026113098506,34.43988863294936,34.23222170318502,31.16403256123974,31.20217790353761,34.496914049055036,-25.0,-25.0,142.875,2.398285115722565,0.0,19.985709297688036,0.13620422687338213,0,0,optimal,0.020761000021593645,0.0,2
18,4.5,54.39802028325863,0.0,20.481695137909597,0.2502811914111326,0.272336349365966,34.496914049055036,35.07969732073983,31.228098899415922,31.146093178618585,34.5712903978332,-24.999999999999996,-24.999999999999996,149.0,2.398277020775122,0.0,19.985641839792684,0.1361367689780237,0,0,optimal,0.020485500019276515,0.0,2
19,4.75,54.39802028325863,0.0,20.58972230182399,0.26084880032587543,0.2566987723169204,34.5712903978332,34.948631280779416,31.304110372515005,31.370847486168223,34.67413106077109,-24.999999999999996,-24.999999999999996,155.125,2.39829525057389,0.0,19.985793754782414,0.13628868396775948,0,0,optimal,0.02047430002130568,0.0,2
20,5.0,33.938001281513095,0.0,20.71311165281699,0.2860104595968194,0.26755068735453247,34.67413106077109,33.98762924193736,31.40333639734677,31.412201816951118,34.811580006110276,-25.0,-25.0,161.25,1.7845411201380132,0.0,14.871176001150113,0.1366756807718408,0,0,optimal,0.02030849998118356,0.0,2
21,5.25,33.938001281513095,0.0,20.851334818744565,0.3240514437262576,0.2718537188635853,34.811580006110276,33.95392184463193,31.531536505773875,31.792341950074288,34.988115637582716,-25.0,-25.0,167.375,1.7846194449617547,0.0,14.871828708014617,0.13732838763634267,0,0,optimal,0.02020890000858344,0.0,2
22,5.5,33.938001281513095,0.0,21.003799906789805,0.37237932251146744,0.31269277732559403,34.988115637582716,35.18070345000257,31.692451305078077,31.743236032434023,35.207064142422766,-24.999999999999996,-24.999999999999996,173.5,1.784733037409833,0.0,14.872775311748606,0.13827499137033403,0,0,optimal,0.02057950000744313,0.0,2
23,5.75,33.938001281513095,0.0,21.169854038038835,0.42770063087883275,0.36896110560300344,35.207064142422766,34.09566854577604,31.888729026472244,32.043036030188865,35.973694049340814,-26.53061224489796,-26.530612244897952,180.0,1.831717880750026,0.0,15.264315672916885,0.14716229131411837,0,0,optimal,0.028119800001149997,0.0,3
24,6.0,51.12795245144616,0.0,21.348786143208557,0.4862453130859026,0.44429228251738706,35.973694049340814,36.38566380591969,32.44254687057716,32.48779554920987,35.973694049340814,25.000000000000004,25.000000000000004,173.62244897959184,1.3346025666601093,0.0,6.673012833300547,0.1410247204390065,0,0,optimal,0.01987269998062402,0.0,2
25,6.25,51.12795245144616,0.0,21.53983000755447,0.5440236457899266,0.49880676136737323,35.9263308435019,36.44013556923413,32.54187042694085,32.44371877445189,35.9263308435019,18.402360330166946,18.402360330166946,168.92796930352884,1.6585105286055706,0.0,8.292552643027848,0.111154612708046,0,0,optimal,0.02013779999106191,0.0,2
26,6.5,51.12795245144616,0.0,21.742167551919863,0.5970981311003349,0.5320954477248341,34.10336231924028,34.4965386581855,31.43415393495192,31.273661317962585,34.10336231924028,0.0,0.0,168.92796930352884,2.5663976225723095,0.0,12.831988112861545,0.05,0,0,optimal,0.020415500010130927,0.0,2
27,6.75,51.12795245144616,0.0,21.954932335876336,0.6418518305529575,0.4,29.648427614147298,29.7252337316989,28.44438845006223,28.50139515447903,29.648427614147298,0.0,0.0,168.92796930352884,2.5663976225723095,0.0,12.831988112861545,0.05,0,0,optimal,0.020339100010460243,0.0,2
28,7.0,37.03130868998434,0.5292829166474405,22.177213267954745,0.6752348534890831,0.4,28.337035777461953,28.610442108049867,27.1352714570876,27.234039386162305,34.24295789317396,24.999999999999996,24.999999999999996,162.55041828312068,0.6045409630207815,0.0,3.0227048151039075,0.14719837176968067,0,0,optimal,0.020125399983953685,0.0,2
29,7.25,37.03130868998434,0.5292829166474405,22.408058507078742,0.6949722020636689,0.6860297396219932,34.24295789317396,34.08130660232269,30.71503706312394,30.44701466049289,34.24295789317396,17.905260050574476,17.90526005057447,157.9827499028721,0.9521746398192918,0.0,4.760873199096459,0.11168176840585177,0,0,optimal,0.020690000004833564,0.0,2
30,7.5,37.03130868998434,0.5292829166474405,22.646479538494386,0.6997188085888675,0.715887146694011,33.72697554962524,34.19700605502405,31.047054876049774,30.910686101145647,33.72697554962524,4.174934428078904,4.174934428078906,156.91771560999481,1.6284669633519588,0.0,8.142334816759798,0.06056198044529683,0,0,optimal,0.020652999985031784,0.0,2
31,7.75,37.03130868998434,0.5292829166474405,22.891455406742097,0.6891511996741245,0.7111824369651849,30.636177033124373,31.645440900019317,29.180165265196585,28.840949411970875,30.666167955421884,4.743492462729121,4.7434924627291215,155.70764100215575,1.6003599199046776,0.0,8.001799599523391,0.062166271871443274,0,0,optimal,0.020586400001775473,0.0,2
32,8.0,84.49148235710031,3.7185517733691977,23.14193708754466,0.6639895404031806,0.6712625026174367,29.981271232960506,29.946580629600366,28.488348590273795,28.540595834378724,29.981271232960506,0.0,0.0,155.70764100215575,4.048646529186556,0.0,20.24323264593278,0.05,0,0,optimal,0.020289499982027337,0.0,2
33,8.25,84.49148235710031,3.7185517733691977,23.39685197989023,0.6259485562737421,0.4,28.98196044623709,29.070281147852736,27.7810051945966,27.848043958366905,28.98196044623709,0.0,0.0,155.70764100215575,4.048646529186556,0.0,20.24323264593278,0.05,0,0,optimal,0.020208599977195263,0.0,2
34,8.5,84.49148235710031,3.7185517733691977,23.655108499074537,0.5776206774885322,0.4,28.779265636348338,28.089530310870114,27.578993379184265,27.63238210347813,28.818966623045295,0.0,0.0,155.70764100215575,4.048646529186556,0.0,20.24323264593278,0.05,0,0,optimal,0.02008899999782443,0.0,2
35,8.75,84.49148235710031,3.7185517733691977,23.915600751034173,0.5222993691211669,0.4,28.818966623045295,28.976648673686014,27.619020565742698,27.63400412319447,28.974772423411316,0.0,0.0,155.70764100215575,4.048646529186556,0.0,20.24323264593278,0.05,0,0,optimal,0.019879100000252947,0.0,2
36,9.0,53.20488742570543,8.807810587286895,24.177213267954745,0.46375468691409727,0.4,28.974772423411316,29.166732654609795,27.774982613381983,27.895539788548525,29.186217478743213,0.0,0.0,155.70764100215575,2.229853841920928,0.0,11.149269209604636,0.05,0,0,optimal,0.019879300001775846,0.0,2
37,9.25,53.20488742570543,8.807810587286895,24.438825784875316,0.4059763542100734,0.4,29.186217478743213,29.93654535133493,27.986502544965393,27.91670723621397,29.42404384434491,0.0,0.0,155.70764100215575,2.229853841920928,0.0,11.149269209604636,0.05,0,0,optimal,0.0195526999887079,0.0,2
38,9.5,53.20488742570543,8.807810587286895,24.699318036834953,0.3529018688996651,0.4,29.42404384434491,29.423382537398457,28.224364412021473,28.166773057375547,29.673790195398215,0.0,0.0,155.70764100215575,2.229853841920928,0.0,11.149269209604636,0.05,0,0,optimal,0.01993950002361089,0.0,2
39,9.75,53.20488742570543,8.807810587286895,24.95757455601926,0.3081481694470426,0.4,29.673790195398215,29.036497022151412,28.474126801613572,28.623528948473965,35.66919415424241,24.999999999999996,24.999999999999996,149.3300899817476,0.9972629654515531,0.0,4.9863148272577655,0.13704561765313142,0,0,optimal,0.01944449997972697,4.440892098500626e-16,2
40,10.0,49.80224927638706,13.19135884567467,25.212489448364828,0.2747651465109167,0.3353455172912358,35.66919415424241,36.69802722597755,32.38538455191645,32.40592458545032,37.62912112892649,24.999999999999996,24.999999999999996,142.95253896133943,0.6078441858928911,0.0,3.0392209294644554,0.1364983217863578,0,0,optimal,0.01978080000844784,4.440892098500626e-16,2
41,10.25,49.80224927638706,13.19135884567467,25.462971129167393,0.2550277979363311,0.26164410381216846,37.62912112892649,36.52202206933865,34.35581689941832,34.772125801655505,42.9813069933067,37.44766831441192,37.44766831441192,133.39956235052006,-0.00030912728487164865,0.0,-0.007728182121791216,0.20146628880309203,0,0,optimal,0.019544600014341995,0.0,2
42,10.5,49.80224927638706,13.19135884567467,25.707946997415103,0.2502811914111326,0.23573501576372116,42.9813069933067,42.663397938209506,38.15124163312669,38.03548670579009,44.90445547916971,37.44396699475029,37.44396699475029,123.84752995390008,-0.0002790316956811479,0.0,-0.006975792392028696,0.20129334861744705,0,0,optimal,0.02014239999698475,4.440892098500626e-16,2
43,10.75,49.80224927638706,13.19135884567467,25.946368028830747,0.2608488003258755,0.26297279449915495,44.90445547916971,45.276029213780795,40.07600912257448,39.90587701481298,45.967600062955725,37.44786856077116,37.44786856077117,114.2945022598258,-0.0003035029555059954,0.0,-0.007587573887649884,0.2016569586270438,0,0,optimal,0.029232800006866455,0.0,3
44,11.0,77.02335447093402,17.574907104062447,26.177213267954745,0.2860104595968194,0.2764225605896872,45.967600062955725,45.74708884015647,41.12925258514585,41.05581469302345,54.98335037233905,56.03444885851715,56.034448858517166,100.0,0.23648578310461718,0.0,1.182428915523086,0.3289292884344795,0,0,optimal,0.021214000007603317,0.0,2
45,11.25,77.02335447093402,17.574907104062447,26.399494200033153,0.3240514437262578,0.2779007600959219,54.98335037233905,55.21528265870498,47.097110836056,47.237895408002835,54.983350372339046,-0.0,0.0,100.0,2.9824223683435784,0.0,14.91211184171789,0.05,0,0,optimal,0.020272699999623,0.0,2
46,11.5,77.02335447093402,17.574907104062447,26.612258983989626,0.3723793225114673,0.4,39.54401312516101,39.23491372430935,38.332155722406775,38.33512682941067,39.54401312516101,-0.0,0.0,100.0,2.9824223683435784,0.0,14.91211184171789,0.05,0,0,optimal,0.021284399990690872,0.0,2
47,11.75,77.02335447093402,17.574907104062447,26.81459652835502,0.4277006308788331,0.4,35.47800449185999,35.353625047783595,34.27253327059525,34.26148939498574,35.47800449185999,-0.0,0.0,100.0,2.9824223683435784,0.0,14.91211184171789,0.05,0,0,optimal,0.020361000002594665,0.0,2
48,12.0,159.8356128062928,31.89268856721757,27.005640392700936,0.4862453130859027,0.4,33.65657691112979,33.3575736607038,32.454126212365445,32.52409000867401,33.65657691112979,-0.0,0.0,100.0,6.40714621195376,0.0,32.03573105976881,0.05,0,0,optimal,0.019326799985719845,0.0,2
49,12.25,159.8356128062928,31.89268856721757,27.184572497870654,0.5440236457899266,0.4,32.893445513983536,32.84733746858899,31.692418946809827,31.635736074607262,32.893445513983536,-0.0,0.0,100.0,6.40714621195376,0.0,32.03573105976881,0.05,0,0,optimal,0.02080190001288429,4.440892098500626e-16,2
50,12.5,159.8356128062928,31.89268856721757,27.350626629119684,0.5970981311003352,0.4,32.625720845429925,33.11196427367269,31.4253609251997,31.359692035559195,32.625720845429925,-0.0,0.0,100.0,6.40714621195376,0.0,32.03573105976881,0.05,0,0,optimal,0.019609599985415116,0.0,2
51,12.75,159.8356128062928,31.89268856721757,27.503091717164924,0.6418518305529574,0.4,32.58611433013933,31.98393715173877,31.38606136381528,31.31146757037421,32.647521123917244,0.0,0.0,100.0,6.40714621195376,0.0,32.03573105976881,0.05,0,0,optimal,0.02838449997943826,8.881784197001252e-16,3
52,13.0,99.91382929362125,40.917640863898285,27.641314883092498,0.6752348534890833,0.4,32.647521123917244,32.720501476157,31.447604064484402,31.376678584102617,32.74933299942094,0.0,0.0,100.0,2.9598094214861486,0.0,14.79904710743074,0.05,0,0,optimal,0.019716300012078136,0.0,2
53,13.25,99.91382929362125,40.917640863898285,27.7647042340855,0.6949722020636689,0.4,32.74933299942094,32.853183846834405,31.549470284793543,31.54791233444796,32.86250217376174,0.0,0.0,100.0,2.9598094214861486,0.0,14.79904710743074,0.05,0,0,optimal,0.028024900006130338,2.220446049250313e-16,4
54,13.5,99.91382929362125,40.917640863898285,27.872731397999893,0.6997188085888675,0.4,32.86250217376174,33.32401420634851,31.662654713015908,31.39907313531733,39.446241774222756,-24.999999999999996,-24.999999999999996,106.125,4.229438457548547,0.0,21.147192287742737,0.14814518031199128,0,0,optimal,0.014220699988072738,0.0,2
55,13.75,99.91382929362125,40.917640863898285,27.964933785935166,0.6891511996741244,0.693423312943505,39.446241774222756,39.5101257732842,35.896479177880586,35.674605980270435,41.48338648108942,-25.000000000000004,-25.000000000000004,112.25,4.229355899226219,0.0,21.14677949613108,0.1477323887003456,0,0,optimal,0.014531099994201213,0.0,2
56,14.0,95.4948187100909,11.739223664103488,28.04091657311102,0.6639895404031806,0.6848204469635192,41.48338648108942,41.874101339486046,37.94056393139147,38.016694993457556,42.430728711307374,-25.000000000000004,-25.000000000000004,118.375,5.467134714166798,0.0,27.335673570833986,0.14677480933713577,0,0,optimal,0.014788200001930818,0.0,2
57,14.25,95.4948187100909,11.739223664103488,28.100354389567666,0.6259485562737425,0.6630876958961164,42.430728711307374,43.3958570741541,38.909438901436424,38.99201205478237,42.8309265009015,-24.999999999999986,-24.999999999999993,124.5,5.466858692521813,0.0,27.33429346260908,0.1453947011122207,0,0,optimal,0.015132799977436662,0.0,2
58,14.5,95.4948187100909,11.739223664103488,28.142992713449985,0.5776206774885323,0.636619826087986,42.8309265009015,42.59655717519162,39.34203647107468,39.22605486462243,42.95075794145545,-25.000000000000007,-25.000000000000004,130.625,5.466531509064096,0.0,27.332657545320487,0.14375878382362756,0,0,optimal,0.014587999990908429,0.0,2
59,14.75,95.4948187100909,11.739223664103488,28.16864896090916,0.522299369121167,0.5636395342620769,42.95075794145545,43.366349980583614,39.5007607822632,39.54371842196077,42.95075794145545,-24.999999999999996,-24.999999999999996,136.75,5.466189233348659,0.0,27.330946166743278,0.14204740524643533,0,0,optimal,0.014298599999165162,0.0,2
60,15.0,46.311230915398085,0.9499949785979702,28.177213267954745,0.4637546869140977,0.5208439139763219,42.926632553734784,41.96658793599422,39.5175171359422,39.6180744148153,42.926632553734784,-25.000000000000007,-25.000000000000004,142.875,3.5461465566442025,0.0,17.73073278322101,0.1404237990209785,0,0,optimal,0.015481699985684827,0.0,2
61,15.25,46.311230915398085,0.9499949785979702,28.16864896090916,0.4059763542100739,0.4535073609950879,42.831903478182646,42.72678969531393,39.461656757297604,39.34354253936231,42.831903478182646,-25.0,-25.0,149.0,3.5458638913410065,0.0,17.72931945670502,0.13901047250499787,0,0,optimal,0.014553599990904331,0.0,2
62,15.5,46.311230915398085,0.9499949785979702,28.142992713449985,0.3529018688996651,0.40047795280716797,42.7075717697158,42.65208576636753,39.37119829070073,39.490682620272146,42.7075717697158,-24.99999999999999,-24.999999999999996,155.125,3.5456373328160407,0.0,17.728186664080198,0.1378776798801746,0,0,optimal,0.013840600004186854,0.0,2
63,15.75,46.311230915398085,0.9499949785979702,28.100354389567666,0.3081481694470424,0.3358894338680264,42.57635021023678,43.809303439337384,39.26714547805345,39.34186984017029,42.57635021023678,-25.000000000000004,-25.000000000000004,161.25,3.545470920370632,0.0,17.72735460185316,0.13704561765313145,0,0,optimal,0.013818200008245185,0.0,2
64,16.0,56.38657504584728,0.0,28.04091657311102,0.27476514651091694,0.315425860701765,42.44960604152019,43.043584091060644,39.160367177996754,38.964434430713005,42.44960604152019,-25.0,-25.0,167.375,4.0966284166496365,0.0,20.483142083248175,0.1364983217863578,0,0,optimal,0.013889100024243817,0.0,2
65,16.25,56.38657504584728,0.0,27.964933785935166,0.25502779793633107,0.2526188627902379,42.331544375526946,41.76911651939596,39.05544315768178,39.02862310577614,42.331544375526946,-24.999999999999996,-24.999999999999996,173.5,4.096569597667042,0.0,20.482847988335205,0.13620422687338207,0,0,optimal,0.013720000017201528,0.0,2
66,16.5,56.38657504584728,0.0,27.872731397999893,0.2502811914111326,0.2590781501814879,42.22239072015999,41.74184221018576,38.95335163840238,38.7982891736397,42.22239072015999,-1.530612244897959,-1.530612244897959,173.875,2.9065705457884756,0.0,14.532852728942371,0.05355590625606088,0,0,optimal,0.013686099991900846,0.0,2
67,16.75,56.38657504584728,0.0,27.7647042340855,0.26084880032587543,0.23953371330693757,36.674323161685,36.876837457445674,35.384157898883146,35.35393391484181,40.37483623869317,-25.0,-25.0,180.0,4.096586489085915,0.0,20.48293244542958,0.13628868396775948,0,0,optimal,0.013737900007981807,0.0,2
68,17.0,49.625488853045844,0.0,27.641314883092498,0.2860104595968196,0.2558760293634085,40.37483623869317,40.62582604118063,37.10624197197155,37.0556322068523,40.37483623869317,20.208970743376526,20.208970743376533,174.8446503205672,2.3902339808203203,0.0,7.469481190063503,0.11535166264617393,0,0,optimal,0.013949200016213581,0.0,2
69,17.25,49.625488853045844,0.0,27.503091717164924,0.3240514437262575,0.3025439812927878,39.75151046623892,39.60653999016762,36.98290097792032,37.03738622457783,43.00718786767206,30.84665173347582,30.846651733475817,166.97560651100704,1.5556572081332902,0.0,4.861428775416535,0.16671949552402648,0,0,optimal,0.014263899996876717,0.0,2
70,17.5,49.625488853045844,0.0,27.350626629119684,0.37237932251146766,0.31053950315897644,43.00718786767206,42.48168676830605,39.008658359781876,39.35604166526155,52.06260066629065,50.0,50.0,154.22050447019072,0.06303109719769515,0.0,0.1969721787427972,0.2905999654813361,0,0,optimal,0.014001499977894127,6.8986616303945425e-06,2
71,17.75,49.625488853045844,0.0,27.184572497870654,0.4277006308788334,0.35811874028855933,52.06260066629065,51.99147523479315,45.09642594458092,45.12761102847286,55.60900271072194,50.81109076265418,50.811090762654196,141.25849152053405,0.0017140657242404166,0.0,0.005356455388251302,0.30175693279033566,0,0,optimal,0.014071199984755367,0.0,2
72,18.0,63.45699197949584,0.0,27.005640392700936,0.48624531308590263,0.47366135605993825,55.60900271072194,55.84397006395744,48.371251650317866,48.27427455187928,57.060271828335274,50.000000000000014,50.00000000000001,128.50338947971773,1.173071000521594,0.0,3.6658468766299825,0.30159888175602595,0,0,optimal,0.014646800002083182,8.881784197001252e-16,2
73,18.25,63.45699197949584,0.0,26.814596528355022,0.5440236457899261,0.48336153132340465,57.060271828335274,57.22622073444361,49.82385634158293,50.0151924563337,57.060271828335274,25.848344641964164,25.848344641964164,121.90942400982891,3.055771265384791,0.0007364074030942191,9.54928520432747,0.14712336994455105,0,0,optimal,0.014730800001416355,8.881784197001252e-16,2
74,18.5,63.45699197949584,0.0,26.612258983989626,0.5970981311003348,0.5337461754827287,47.46110825509763,47.457882851229655,43.922168807026765,43.93037140902343,55.62341547018114,49.99999999999999,49.99999999999999,109.15432196901259,1.1773943007735543,0.0,3.6793571899173565,0.31510919504339513,0,0,optimal,0.014556000009179115,8.881784197001252e-16,2
75,18.75,63.45699197949584,0.0,26.399494200033153,0.6418518305529577,0.5765747918742792,55.62341547018114,54.63340675649647,48.066406985908934,48.33292087026328,57.90046121268451,50.00000000000001,50.00000000000001,96.39921992819626,1.1793904141654967,0.0,3.6855950442671794,0.3213470493932205,0,0,optimal,0.014746900007594377,8.881784197001252e-16,2
76,19.0,47.32760334961006,0.0,26.177213267954745,0.6752348534890831,0.645236363455641,57.90046121268451,57.454758748370836,50.19099637329583,49.8879636270467,58.300629721075126,48.574876719331684,48.57487671933168,84.00766974469329,0.0006606864258909084,0.0,0.002064645080909089,0.3138829875113154,0,0,optimal,0.014418700011447072,8.881784197001252e-16,2
77,19.25,47.32760334961006,0.0,25.94636802883075,0.6949722020636689,0.6431525881143769,58.300629721075126,58.81922514371403,50.768214752710975,50.494319457725894,58.64177490560322,48.573686833043894,48.573686833043894,71.61642310361066,0.001671436544250522,0.0,0.005223239200782881,0.31674411005924175,0,0,optimal,0.014575799985323101,8.881784197001252e-16,2
78,19.5,47.32760334961006,0.0,25.707946997415107,0.6997188085888675,0.7066973078128829,58.64177490560322,58.7226326280638,51.0402833966294,51.179508242210574,58.714278739195464,48.6117472958931,48.611747295893096,59.21546716078078,-0.00013021687212382287,0.0,-0.0032554218030955706,0.31778056476766564,0,0,optimal,0.014673099998617545,8.881784197001252e-16,2
79,19.75,47.32760334961006,0.0,25.462971129167393,0.6891511996741246,0.6927001778207019,58.714278739195464,59.22672153714315,51.08760913503331,51.08290221982891,58.714278739195464,48.60304790867574,48.60304790867575,46.816730449383904,-0.00010868119013493605,0.0,-0.002717029753373401,0.31614411001304726,0,0,optimal,0.01464860001578927,8.881784197001252e-16,2
80,20.0,65.93163790627284,0.0,25.212489448364828,0.6639895404031804,0.689870673414413,58.500224987468364,57.99862163652162,50.91253013037913,50.97736970566953,58.500224987468364,25.0,25.0,40.43917942897574,3.32149897148971,0.0,10.379684285905347,0.14677480933713577,0,0,optimal,0.014652400015620515,8.881784197001252e-16,2
81,20.25,65.93163790627284,0.0,24.957574556019257,0.6259485562737426,0.6819453748689183,47.11453358000596,46.97847784440155,43.58203156695834,43.483071633733736,47.11453358000596,25.0,25.0,34.06162840856758,3.3210573368577374,0.0,10.37830417768043,0.14539470111222075,0,0,optimal,0.013922099984483793,8.881784197001252e-16,2
82,20.5,65.93163790627284,0.0,24.699318036834953,0.5776206774885331,0.631689844992179,43.39922637979823,43.54075407712521,39.904797466217936,40.09304167456702,44.02295263210253,30.12158336158491,30.1215833615849,26.377551020408166,2.9199163319125363,0.0,9.124738537226674,0.17222490105469263,0,0,optimal,0.013107299979310483,8.881784197001252e-16,2
83,20.75,65.93163790627284,0.0,24.438825784875316,0.5222993691211666,0.6000602632988358,43.28702441156266,42.68781308885519,39.15261736589842,39.18832023534337,43.28702441156266,25.00000000000001,25.000000000000004,20.0,3.3199862021806865,0.0,10.374956881814644,0.14204740524643542,0,0,optimal,0.012114699988160282,8.881784197001252e-16,2
84,21.0,39.947855675114376,0.0,24.177213267954745,0.46375468691409744,0.5403160761334159,40.804186181061766,40.51076005400709,37.39267171125422,37.63052347805214,40.804186181061766,-24.999999999999996,-24.999999999999996,26.125,3.2754775435599157,0.0,16.377387717799568,0.14042379902097846,0,0,optimal,0.012656699982471764,8.881784197001252e-16,2
85,21.25,39.947855675114376,0.0,23.915600751034173,0.40597635421007316,0.46723603587290974,39.7223079624517,39.486632162615486,36.35073228953273,36.1841603835501,39.7223079624517,-25.000000000000004,-25.000000000000004,32.25,3.2751948782567193,0.0,16.375974391283595,0.13901047250499787,0,0,optimal,0.012804600002709776,0.0,2
86,21.5,39.947855675114376,0.0,23.655108499074537,0.3529018688996652,0.41756574601053714,38.99685299132016,38.37220838614531,35.659670071411924,35.74745886139079,38.99685299132016,-24.999999999999996,-24.999999999999996,38.375,3.2749683197317547,0.0,16.37484159865877,0.13787767988017463,0,0,optimal,0.01481759999296628,0.0,2
87,21.75,39.947855675114376,0.0,23.396851979890233,0.30814816944704293,0.34491870822544063,38.45711296129481,39.864629480906856,35.14735801385181,35.11546580970609,38.45711296129481,-24.999999999999996,-24.999999999999996,44.5,3.2748019072863452,0.0,16.374009536431718,0.13704561765313142,0,0,optimal,0.013693799992324784,0.0,2
88,22.0,59.126361607636106,0.0,23.14193708754466,0.27476514651091694,0.2956679758754536,38.02327626587578,37.99326792977261,34.73362371493022,34.81410058464586,38.02327626587578,-25.000000000000007,-25.000000000000004,50.625,4.233617744739077,0.0,21.168088723695384,0.13649832178635782,0,0,optimal,0.01280699999188073,0.0,2
89,22.25,59.126361607636106,0.0,22.891455406742097,0.25502779793633107,0.28722723624986685,37.656802524833054,37.37383394803441,34.380366626439645,34.47399438671047,37.656802524833054,-24.999999999999996,-24.999999999999996,56.75,4.2335589257564825,0.0,21.167794628782406,0.13620422687338207,0,0,optimal,0.011953100009122863,0.0,2
90,22.5,59.126361607636106,0.0,22.646479538494386,0.2502811914111326,0.2562930619007315,37.33809035333798,37.218369579157994,34.068768918437776,34.32338768671376,37.33809035333798,-25.000000000000004,-25.000000000000004,62.875,4.23354543417741,0.0,21.16772717088705,0.1361367689780237,0,0,optimal,0.010803300014231354,0.0,2
91,22.75,59.126361607636106,0.0,22.40805850707874,0.26084880032587543,0.2411043331475133,37.057013671009216,36.50651710795442,33.78935463601055,33.89037511042028,37.05904563484359,-25.000000000000004,-25.000000000000004,69.0,4.233575817175358,0.0,21.167879085876788,0.1362886839677595,0,0,optimal,0.009950100007699803,0.0,2
92,23.0,35.97074614993706,0.0,22.17721326795475,0.28601045959681914,0.275214286556677,36.809143167440105,36.316425782750756,33.53787585693154,33.64535632323931,36.81632967675381,-25.000000000000004,-25.000000000000004,75.125,3.075872443651221,0.0,15.37936221825611,0.1366756807718408,0,0,optimal,0.009022700018249452,0.0,2
93,23.25,35.97074614993706,0.0,21.954932335876336,0.32405144372625744,0.26153758336792077,36.59403359206259,36.281599557083,33.31351494306443,33.357016012165275,36.899661458376514,-26.53061224489796,-26.530612244897952,81.625,3.154006775232687,0.0,15.77003387616343,0.14469427745467328,0,0,optimal,0.008186899998690933,0.0,2
94,23.5,35.97074614993706,0.0,21.742167551919863,0.3723793225114676,0.3477596456850568,36.899661458376514,37.297196787614936,33.42715323970806,33.567141309533035,36.899661458376514,-25.0,-25.0,87.75,3.076192305770919,0.0,15.380961528854593,0.13827499137033405,0,0,optimal,0.007343300007050857,0.0,2
95,23.75,35.97074614993706,0.0,21.53983000755447,0.42770063087883337,0.37469470059746196,36.41894977475879,36.72796159776294,33.09990792079951,32.959414163034985,46.53210635431924,-50.0,-50.0,100.0,4.357653183664071,0.0,21.788265918320352,0.29557938083609214,0,0,optimal,0.006138400000054389,0.0,2
